8.394666667
8.885333333
9.386666667
9.877333333
10.378666667
10.869333333
11.317333333
11.786666667
12.245333333
12.704000000
13.162666667
13.621333333
14.080000000
14.538666667
14.997333333
15.456000000
15.925333333
16.341333333
16.800000000
17.258666667
17.717333333
18.186666667
18.645333333
19.093333333
19.562666667
20.021333333
20.480000000
20.949333333
21.408000000
21.856000000
22.304000000
22.762666667
23.221333333
23.680000000
24.128000000
24.736000000
25.194666667
25.642666667
26.090666667
26.549333333
26.997333333
27.552000000
28.010666667
28.469333333
28.928000000
29.386666667
29.845333333
30.368000000
30.826666667
31.285333333
31.744000000
32.202666667
32.661333333
33.109333333
33.568000000
34.026666667
34.485333333
34.944000000
35.402666667
35.978666667
36.437333333
36.896000000
37.354666667
37.813333333
38.336000000
38.794666667
39.253333333
39.712000000
40.170666667
40.629333333
41.088000000
41.546666667
42.005333333
42.464000000
42.922666667
43.381333333
43.840000000
44.298666667
44.757333333
45.216000000
45.674666667
46.133333333
46.773333333
47.232000000
47.690666667
48.149333333
48.608000000
49.066666667
49.514666667
49.973333333
50.432000000
50.890666667
51.349333333
51.808000000
52.405333333
52.864000000
53.322666667
53.781333333
54.240000000
54.752000000
55.210666667
55.669333333
56.128000000
56.586666667
57.045333333
57.493333333
57.952000000
58.410666667
58.869333333
59.328000000
59.786666667
60.394666667
60.853333333
61.312000000
61.770666667
62.229333333
62.688000000
63.200000000
63.658666667
64.117333333
64.576000000
65.034666667
65.536000000
65.994666667
66.453333333
66.912000000
67.370666667
67.829333333
68.341333333
68.800000000
69.258666667
69.717333333
70.176000000
70.634666667
71.146666667
71.605333333
72.064000000
72.522666667
72.981333333
73.440000000
73.962666667
74.421333333
74.880000000
75.338666667
75.797333333
76.256000000
76.768000000
77.226666667
77.685333333
78.154666667
78.613333333
79.072000000
79.594666667
80.053333333
80.512000000
80.970666667
81.429333333
81.930666667
82.400000000
82.858666667
83.317333333
83.776000000
84.234666667
84.736000000
85.194666667
85.653333333
86.112000000
86.570666667
87.029333333
87.552000000
88.010666667
88.469333333
88.928000000
89.386666667
89.845333333
90.346666667
90.805333333
91.264000000
91.722666667
92.192000000
92.650666667
93.173333333
93.632000000
94.090666667
94.549333333
95.008000000
95.466666667
95.978666667
96.437333333
96.896000000
97.354666667
97.813333333
98.336000000
98.794666667
99.253333333
99.712000000
100.181333333
100.640000000
101.386666667
101.845333333
102.304000000
102.762666667
103.232000000
103.690666667
104.074666667
104.533333333
105.002666667
105.461333333
105.920000000
106.378666667
106.773333333
107.242666667
107.701333333
108.160000000
108.618666667
109.077333333
109.589333333
110.048000000
110.506666667
110.965333333
111.424000000
111.882666667
112.330666667
112.789333333
113.248000000
113.706666667
114.165333333
114.624000000
115.008000000
115.466666667
115.925333333
116.384000000
116.842666667
117.301333333
118.016000000
118.474666667
118.933333333
119.392000000
119.850666667
120.373333333
120.832000000
121.301333333
121.760000000
122.229333333
122.688000000
123.168000000
123.626666667
124.085333333
124.544000000
125.002666667
125.461333333
125.962666667
126.421333333
126.880000000
127.338666667
127.797333333
128.256000000
128.565333333
129.024000000
129.493333333
129.952000000
130.410666667
130.869333333
131.157333333
131.616000000
132.074666667
132.533333333
132.992000000
133.450666667
133.898666667
134.357333333
134.805333333
135.264000000
135.722666667
136.170666667
136.800000000
137.248000000
137.706666667
138.165333333
138.613333333
139.072000000
139.370666667
139.818666667
140.277333333
140.736000000
141.184000000
141.642666667
142.080000000
142.538666667
142.997333333
143.445333333
143.904000000
144.362666667
144.757333333
145.216000000
145.674666667
146.133333333
146.592000000
147.040000000
147.488000000
147.946666667
148.405333333
148.864000000
149.322666667
149.781333333
150.229333333
150.688000000
151.136000000
151.594666667
152.053333333
152.512000000
152.960000000
153.418666667
153.877333333
154.336000000
154.794666667
155.253333333
155.701333333
156.160000000
156.618666667
157.077333333
157.536000000
157.994666667
158.368000000
158.837333333
159.296000000
159.754666667
160.213333333
160.672000000
161.152000000
161.610666667
162.069333333
162.528000000
162.986666667
163.456000000
163.872000000
164.341333333
164.800000000
165.258666667
165.717333333
166.176000000
166.677333333
167.136000000
167.594666667
168.053333333
168.522666667
168.981333333
169.482666667
169.941333333
170.400000000
170.869333333
171.328000000
171.786666667
172.298666667
172.757333333
173.216000000
173.674666667
174.144000000
174.602666667
175.114666667
175.573333333
176.032000000
176.490666667
176.960000000
177.418666667
177.802666667
178.272000000
178.730666667
179.189333333
179.658666667
180.117333333
180.405333333
180.874666667
181.333333333
181.792000000
182.250666667
182.720000000
183.189333333
183.648000000
184.117333333
184.576000000
185.034666667
185.493333333
185.994666667
186.453333333
186.922666667
187.381333333
187.840000000
188.298666667
188.810666667
189.269333333
189.728000000
190.186666667
190.656000000
191.157333333
191.616000000
192.074666667
192.544000000
193.002666667
193.461333333
193.962666667
194.421333333
194.890666667
195.349333333
195.808000000
196.266666667
196.778666667
197.237333333
197.696000000
198.154666667
198.624000000
199.082666667
199.584000000
200.053333333
200.512000000
200.970666667
201.429333333
201.898666667
202.400000000
202.858666667
203.328000000
203.786666667
204.245333333
204.704000000
205.429333333
205.888000000
206.346666667
206.805333333
207.274666667
207.722666667
208.181333333
208.640000000
209.109333333
209.568000000
210.026666667
210.474666667
210.944000000
211.402666667
211.861333333
212.320000000
212.789333333
213.226666667
213.674666667
214.133333333
214.581333333
215.029333333
215.477333333
215.914666667
216.362666667
216.810666667
217.258666667
217.706666667
218.154666667
218.592000000
219.040000000
219.488000000
219.936000000
220.384000000
220.832000000
221.269333333
221.717333333
222.165333333
222.624000000
223.072000000
223.520000000
224.170666667
224.618666667
225.077333333
225.525333333