4.100000000
4.460000000
4.820000000
5.190000000
5.550000000
5.910000000
6.280000000
6.610000000
7.000000000
7.370000000
7.730000000
8.100000000
8.460000000
8.840000000
9.190000000
9.550000000
9.900000000
10.280000000
10.640000000
11.000000000
11.370000000
11.730000000
12.100000000
12.460000000
12.820000000
13.190000000
13.590000000
13.990000000
14.400000000
14.820000000
15.060000000
15.310000000
15.570000000
15.810000000
16.040000000
16.353333333
16.666666667
16.980000000
17.280000000
17.580000000
17.880000000
18.150000000
18.450000000
18.680000000
18.880000000
19.220000000
19.520000000
19.816666667
20.113333333
20.410000000
20.760000000
21.120000000
21.490000000
21.860000000
22.230000000
22.580000000
22.940000000
23.310000000
23.700000000
24.030000000
24.400000000
24.650000000
24.940000000
25.310000000
25.600000000
25.850000000
26.215000000
26.580000000
26.940000000
27.310000000
27.640000000
27.850000000
28.210000000
28.485000000
28.760000000
29.120000000
29.490000000
29.850000000
30.210000000
30.580000000
30.940000000
31.310000000
31.670000000
32.030000000
32.400000000
32.760000000
33.130000000
33.490000000
33.850000000
34.210000000
34.580000000
34.940000000
35.300000000
35.670000000
36.030000000
36.400000000
36.760000000
37.130000000
37.493333333
37.856666667
38.220000000
38.580000000
38.940000000
39.310000000
39.680000000
40.040000000
40.400000000
40.760000000
41.120000000
41.490000000
41.850000000
42.210000000
42.580000000
42.860000000
43.130000000
43.490000000
43.850000000
44.210000000
44.580000000
44.790000000
45.130000000
45.510000000
45.850000000
46.210000000
46.580000000
46.940000000
47.310000000
47.670000000
48.040000000
48.410000000
48.760000000
49.090000000
49.300000000
49.500000000
49.850000000
50.220000000
50.580000000
50.940000000
51.220000000
51.490000000
51.850000000
52.050000000
52.400000000
52.760000000
53.120000000
53.490000000
53.850000000
54.210000000
54.580000000
54.950000000
55.310000000
55.670000000
56.030000000
56.400000000
56.770000000
57.120000000
57.490000000
57.850000000
58.210000000
58.580000000
58.940000000
59.310000000
59.670000000
60.030000000
60.400000000
60.760000000
61.120000000
61.490000000
61.850000000
62.220000000
62.590000000
62.940000000
63.310000000
63.670000000
64.040000000
64.400000000
64.760000000
65.130000000
65.490000000
65.850000000
66.220000000
66.580000000
66.940000000
67.310000000
67.670000000
68.030000000
68.240000000
68.580000000
68.940000000
69.240000000
69.490000000
69.890000000
70.220000000
70.580000000
70.940000000
71.310000000
71.670000000
72.030000000
72.400000000
72.760000000
73.140000000
73.490000000
73.850000000
74.220000000
74.580000000
74.940000000
75.310000000
75.670000000
76.030000000
76.400000000
76.760000000
77.120000000
77.490000000
77.850000000
78.215000000
78.580000000
78.940000000
79.310000000
79.670000000
80.030000000
80.400000000
80.760000000
81.120000000
81.490000000
81.850000000
82.220000000
82.580000000
82.940000000
83.310000000
83.670000000
84.040000000
84.400000000
84.760000000
85.120000000
85.480000000
85.850000000
86.220000000
86.580000000
86.940000000
87.310000000
87.670000000
88.030000000
88.400000000
88.760000000
89.120000000
89.490000000
89.780000000
90.220000000
90.580000000
90.940000000
91.300000000
91.670000000
92.080000000
92.400000000
92.760000000
93.120000000
93.490000000
93.770000000
94.050000000
94.310000000
94.600000000
94.940000000
95.310000000
95.670000000
96.030000000
96.350000000
96.760000000
97.130000000
97.490000000
97.760000000
98.030000000
98.310000000
98.580000000
98.900000000
99.120000000
99.490000000
99.840000000
100.160000000
100.380000000
100.760000000
101.130000000
101.490000000
101.815000000
102.140000000
102.390000000
102.700000000
102.950000000
103.300000000
103.670000000
104.030000000
104.390000000
104.760000000
105.130000000
105.410000000
105.670000000
105.940000000
106.220000000
106.580000000
106.940000000
107.310000000
107.670000000
108.030000000
108.400000000
108.760000000
109.120000000
109.490000000
109.850000000
110.210000000
110.580000000
110.830000000
111.120000000
111.490000000
111.850000000
112.210000000
112.580000000
112.940000000
113.300000000
113.670000000
114.030000000
114.400000000
114.760000000
115.090000000
115.310000000
115.670000000
116.030000000
116.400000000
116.760000000
117.130000000
117.380000000
117.670000000
118.030000000
118.420000000
118.710000000
118.940000000
119.140000000
119.490000000
119.850000000
120.220000000
120.580000000
120.940000000
121.300000000
121.630000000
121.850000000
122.220000000
122.580000000
122.940000000
123.310000000
123.670000000
124.030000000
124.400000000
124.760000000
125.120000000
125.490000000
125.850000000
126.220000000
126.580000000
126.940000000
127.310000000
127.670000000
128.030000000
128.400000000
128.670000000
128.940000000
129.210000000
129.490000000
129.850000000
130.210000000
130.580000000
130.940000000
131.300000000
131.670000000
132.040000000
132.400000000
132.760000000
133.130000000
133.490000000
133.850000000
134.210000000
134.580000000
134.940000000
135.310000000
135.670000000
136.030000000
136.400000000
136.760000000
137.120000000
137.490000000
137.850000000
138.220000000
138.580000000
138.940000000
139.310000000
139.670000000
140.030000000
140.400000000
140.760000000
141.130000000
141.490000000
141.850000000
142.220000000
142.580000000
142.940000000
143.310000000
143.670000000
144.060000000
144.400000000
144.760000000
145.120000000
145.490000000
145.850000000
146.210000000
146.590000000
146.940000000
147.310000000
147.670000000
148.030000000
148.400000000
148.760000000
149.120000000
149.490000000
149.850000000
150.220000000
150.580000000
150.940000000
151.310000000
151.670000000
152.030000000
152.400000000
152.760000000
153.120000000
153.490000000
153.850000000
154.220000000
154.580000000
154.940000000
155.310000000
155.670000000
156.030000000
156.400000000
156.760000000
157.130000000
157.490000000
157.850000000
158.240000000
158.580000000
158.940000000
159.310000000
159.670000000
160.030000000
160.400000000
160.760000000
161.120000000
161.490000000
161.850000000
162.210000000
162.580000000
162.940000000
163.300000000
163.670000000
163.950000000
164.210000000
164.580000000
164.940000000
165.310000000
165.670000000
166.030000000
166.400000000
166.760000000
167.120000000
167.490000000
167.850000000
168.210000000
168.580000000
168.940000000
169.160000000
169.490000000
169.850000000
170.240000000
170.580000000
170.940000000
171.160000000
171.490000000
171.850000000
172.080000000
172.400000000
172.760000000
173.125000000
173.490000000
173.850000000
174.220000000
174.580000000
174.940000000
175.310000000
175.670000000
176.040000000
176.400000000
176.760000000
177.120000000
177.490000000
177.850000000
178.210000000
178.580000000
178.940000000
179.300000000
179.670000000
180.030000000
180.400000000
180.760000000
181.120000000
181.490000000
181.850000000
182.210000000
182.580000000
182.940000000
183.220000000
183.490000000
183.810000000
184.040000000
184.390000000
184.640000000
184.940000000
185.160000000
185.490000000
185.850000000
186.220000000
186.580000000
186.940000000
187.300000000
187.670000000
188.030000000
188.400000000
188.760000000
189.120000000
189.490000000
189.850000000
190.210000000
190.580000000
190.940000000
191.310000000
191.670000000
192.030000000
192.390000000
192.760000000
193.120000000
193.490000000
193.850000000
194.210000000
194.580000000
194.940000000
195.300000000
195.670000000
196.030000000
196.400000000
196.760000000
197.120000000
197.490000000
197.850000000
198.210000000
198.580000000
198.940000000
199.300000000
199.670000000
200.030000000
200.400000000
200.760000000
201.120000000
201.490000000
201.850000000
202.210000000
202.580000000
202.940000000
203.310000000
203.670000000
204.030000000
204.400000000
204.760000000
205.190000000
205.490000000
205.850000000
206.210000000
206.580000000
206.945000000
207.310000000
207.680000000
208.080000000
208.400000000
208.760000000
209.120000000
209.490000000
209.850000000
210.220000000
210.560000000
210.940000000
211.310000000
211.670000000
212.030000000
212.400000000
212.760000000
213.120000000
213.490000000
213.850000000
214.210000000
214.580000000
214.940000000
215.310000000
215.670000000
216.030000000
216.395000000
216.760000000
217.120000000
217.490000000
217.850000000
218.210000000
218.580000000
218.940000000
219.300000000
219.670000000
220.070000000
220.400000000
220.760000000
221.120000000
221.480000000
221.850000000
222.220000000
222.580000000
222.940000000
223.310000000
223.670000000
224.030000000
224.400000000
224.760000000
225.120000000
225.490000000
225.850000000
226.220000000
226.580000000
226.940000000
227.300000000
227.670000000
228.030000000
228.400000000
228.760000000
229.130000000
229.500000000
229.850000000
230.220000000
230.580000000
230.970000000
231.300000000
231.670000000
232.040000000
232.400000000
232.790000000
233.150000000
233.470000000
233.880000000
234.210000000
234.580000000
234.940000000
235.310000000
235.625000000
235.940000000
236.210000000
236.520000000
236.760000000
237.120000000
237.410000000
237.850000000
238.220000000
238.580000000
238.940000000
239.310000000
239.670000000
239.960000000
240.400000000
240.800000000
241.200000000
241.510000000
241.820000000
242.250000000
242.470000000
242.910000000
243.320000000
243.670000000
244.020000000
244.310000000
244.620000000
244.940000000
245.280000000
245.710000000
246.100000000
246.440000000
246.710000000
247.090000000
247.430000000
247.720000000
247.970000000
248.270000000
248.570000000
248.890000000
249.150000000
249.440000000
249.640000000
250.010000000
250.350000000
250.690000000
251.030000000
251.370000000
251.710000000
252.035000000
252.360000000
252.670000000
253.110000000